0.248  0.413 0.413    Вінницька
0.189  0.328 0.3283   Волинська
0.238  1.758 1.758    Дніпровська
0.727  3.715 3.715    Донецька
0.166  0.973 0.973    Житомирська
0.184  0.213 0.213    Закарпатська
0.19   0.41  0.41 Запорізька
0.292  0.519 0.519    Івано-Франківська
0.121  0.539 0.539    Кіровоградська
0.254  0.513 0.513    Київська
0.312  5.056 5.056    Луганська
0.298  0.762 0.762    Львівська
0.076  0.55  0.55 Миколаївська
0.171  0.874 0.874    Одеська
0.202  0.691 0.691    Полтавська
0.121  0.148 0.148    Рівненська
0.134  0.741 0.741    Сумська
0.314  0.126 0.126    Тернопільська
0.176  1.175 1.175    Харківська
0.149  0.335 0.335    Херсонська
0.246  1.249 1.249    Хмельницька
0.33   0.43  0.43 Черкаська
0.158  0.23  0.23 Чернівецька
0.347  0.443 0.443    Чернігівська
0.267  0.8   0.8  АР Крим